# samples=1024  bits=12
# current: min=0 max=4095 argmin(dip pos)=501
# dip_depth: max=4095 at index 501
# idx  current  ref  dip_depth
    0   4095   4095      0
    1   4095   4095      0
    2   4095   4095      0
    3   4095   4095      0
    4   4095   4095      0
    5   4095   4095      0
    6   4095   4095      0
    7   4095   4095      0
    8   4095   4095      0
    9   4095   4095      0
   10   4095   4095      0
   11   4095   4095      0
   12   4095   4095      0
   13   4095   4095      0
   14   4095   4095      0
   15   4095   4095      0
   16   4095   4095      0
   17   4095   4095      0
   18   4095   4095      0
   19   4095   4095      0
   20   4095   4095      0
   21   4095   4095      0
   22   4095   4095      0
   23   4095   4095      0
   24   4095   4095      0
   25   4095   4095      0
   26   4095   4095      0
   27   4095   4095      0
   28   4095   4095      0
   29   4095   4095      0
   30   4095   4095      0
   31   4095   4095      0
   32   4095   4095      0
   33   4095   4095      0
   34   4095   4095      0
   35   4095   4095      0
   36   4095   4095      0
   37   4095   4095      0
   38   4095   4095      0
   39   4095   4095      0
   40   4095   4095      0
   41   4095   4095      0
   42   4095   4095      0
   43   4095   4095      0
   44   4095   4095      0
   45   4095   4095      0
   46   4095   4095      0
   47   4095   4095      0
   48   4095   4095      0
   49   4095   4095      0
   50   4095   4095      0
   51   4095   4095      0
   52   4095   4095      0
   53   4095   4095      0
   54   4095   4095      0
   55   4095   4095      0
   56   4095   4095      0
   57   4095   4095      0
   58   4095   4095      0
   59   4095   4095      0
   60   4095   4095      0
   61   4095   4095      0
   62   4095   4095      0
   63   4095   4095      0
   64   4095   4095      0
   65   4095   4095      0
   66   4095   4095      0
   67   4095   4095      0
   68   4095   4095      0
   69   4095   4095      0
   70   4095   4095      0
   71   4095   4095      0
   72   4095   4095      0
   73   4095   4095      0
   74   4095   4095      0
   75   4095   4095      0
   76   4095   4095      0
   77   4095   4095      0
   78   4095   4095      0
   79   4095   4095      0
   80   4095   4095      0
   81   4095   4095      0
   82   4095   4095      0
   83   4095   4095      0
   84   4095   4095      0
   85   4095   4095      0
   86   4095   4095      0
   87   4095   4095      0
   88   4095   4095      0
   89   4095   4095      0
   90   4095   4095      0
   91   4095   4095      0
   92   4095   4095      0
   93   4095   4095      0
   94   4095   4095      0
   95   4095   4095      0
   96   4095   4095      0
   97   4095   4095      0
   98   4095   4095      0
   99   4095   4095      0
  100   4095   4095      0
  101   4095   4095      0
  102   4095   4095      0
  103   4095   4095      0
  104   4095   4095      0
  105   4095   4095      0
  106   4095   4095      0
  107   4095   4095      0
  108   4095   4095      0
  109   4095   4095      0
  110   4095   4095      0
  111   4095   4095      0
  112   4095   4095      0
  113   4095   4095      0
  114   4095   4095      0
  115   4095   4095      0
  116   4095   4095      0
  117   4095   4095      0
  118   4095   4095      0
  119   4095   4095      0
  120   4095   4095      0
  121   4095   4095      0
  122   4095   4095      0
  123   4095   4095      0
  124   4095   4095      0
  125   4095   4095      0
  126   4095   4095      0
  127   4095   4095      0
  128   4095   4095      0
  129   4095   4095      0
  130   4095   4095      0
  131   4095   4095      0
  132   4095   4095      0
  133   4095   4095      0
  134   4095   4095      0
  135   4095   4095      0
  136   4095   4095      0
  137   4095   4095      0
  138   4095   4095      0
  139   4095   4095      0
  140   4095   4095      0
  141   4095   4095      0
  142   4095   4095      0
  143   4095   4095      0
  144   4095   4095      0
  145   4095   4095      0
  146   4095   4095      0
  147   4095   4095      0
  148   4095   4095      0
  149   4095   4095      0
  150   4095   4095      0
  151   4095   4095      0
  152   4095   4095      0
  153   4095   4095      0
  154   4095   4095      0
  155   4095   4095      0
  156   4095   4095      0
  157   4095   4095      0
  158   4095   4095      0
  159   4095   4095      0
  160   4095   4095      0
  161   4095   4095      0
  162   4095   4095      0
  163   4095   4095      0
  164   4095   4095      0
  165   4095   4095      0
  166   4095   4095      0
  167   4095   4095      0
  168   4095   4095      0
  169   4095   4095      0
  170   4095   4095      0
  171   4095   4095      0
  172   4095   4095      0
  173   4095   4095      0
  174   4095   4095      0
  175   4095   4095      0
  176   4095   4095      0
  177   4095   4095      0
  178   4095   4095      0
  179   4095   4095      0
  180   4095   4095      0
  181   4095   4095      0
  182   4095   4095      0
  183   4095   4095      0
  184   4095   4095      0
  185   4095   4095      0
  186   4095   4095      0
  187   4095   4095      0
  188   4095   4095      0
  189   4095   4095      0
  190   4095   4095      0
  191   4095   4095      0
  192   4095   4095      0
  193   4095   4095      0
  194   4095   4095      0
  195   4095   4095      0
  196   4095   4095      0
  197   4095   4095      0
  198   4095   4095      0
  199   4095   4095      0
  200   4095   4095      0
  201   4095   4095      0
  202   4095   4095      0
  203   4095   4095      0
  204   4095   4095      0
  205   4095   4095      0
  206   4095   4095      0
  207   4095   4095      0
  208   4095   4095      0
  209   4095   4095      0
  210   4095   4095      0
  211   4095   4095      0
  212   4095   4095      0
  213   4095   4095      0
  214   4095   4095      0
  215   4095   4095      0
  216   4095   4095      0
  217   4095   4095      0
  218   4095   4095      0
  219   4095   4095      0
  220   4095   4095      0
  221   4095   4095      0
  222   4095   4095      0
  223   4095   4095      0
  224   4095   4095      0
  225   4095   4095      0
  226   4095   4095      0
  227   4095   4095      0
  228   4095   4095      0
  229   4095   4095      0
  230   4095   4095      0
  231   4095   4095      0
  232   4095   4095      0
  233   4095   4095      0
  234   4095   4095      0
  235   4095   4095      0
  236   4095   4095      0
  237   4095   4095      0
  238   4095   4095      0
  239   4095   4095      0
  240   4095   4095      0
  241   4095   4095      0
  242   4095   4095      0
  243   4095   4095      0
  244   4095   4095      0
  245   4095   4095      0
  246   4095   4095      0
  247   4095   4095      0
  248   4095   4095      0
  249   4095   4095      0
  250   4095   4095      0
  251   4095   4095      0
  252   4095   4095      0
  253   4095   4095      0
  254   4095   4095      0
  255   4095   4095      0
  256   4095   4095      0
  257   4095   4095      0
  258   4095   4095      0
  259   4095   4095      0
  260   4095   4095      0
  261   4095   4095      0
  262   4095   4095      0
  263   4095   4095      0
  264   4095   4095      0
  265   4095   4095      0
  266   4095   4095      0
  267   4095   4095      0
  268   4095   4095      0
  269   4095   4095      0
  270   4095   4095      0
  271   4095   4095      0
  272   4095   4095      0
  273   4095   4095      0
  274   4095   4095      0
  275   4095   4095      0
  276   4095   4095      0
  277   4095   4095      0
  278   4095   4095      0
  279   4095   4095      0
  280   4095   4095      0
  281   4095   4095      0
  282   4095   4095      0
  283   4095   4095      0
  284   4095   4095      0
  285   4095   4095      0
  286   4095   4095      0
  287   4095   4095      0
  288   4095   4095      0
  289   4095   4095      0
  290   4095   4095      0
  291   4095   4095      0
  292   4095   4095      0
  293   4095   4095      0
  294   4095   4095      0
  295   4095   4095      0
  296   4095   4095      0
  297   4095   4095      0
  298   4095   4095      0
  299   4095   4095      0
  300   4095   4095      0
  301   4095   4095      0
  302   4095   4095      0
  303   4095   4095      0
  304   4095   4095      0
  305   4095   4095      0
  306   4095   4095      0
  307   4095   4095      0
  308   4095   4095      0
  309   4095   4095      0
  310   4095   4095      0
  311   4095   4095      0
  312   4095   4095      0
  313   4095   4095      0
  314   4095   4095      0
  315   4095   4095      0
  316   4095   4095      0
  317   4095   4095      0
  318   4095   4095      0
  319   4095   4095      0
  320   4095   4095      0
  321   4095   4095      0
  322   4095   4095      0
  323   4095   4095      0
  324   4095   4095      0
  325   4095   4095      0
  326   4095   4095      0
  327   4095   4095      0
  328   4095   4095      0
  329   4095   4095      0
  330   4095   4095      0
  331   4095   4095      0
  332   4095   4095      0
  333   4095   4095      0
  334   4095   4095      0
  335   4095   4095      0
  336   4095   4095      0
  337   4095   4095      0
  338   4095   4095      0
  339   4095   4095      0
  340   4095   4095      0
  341   4095   4095      0
  342   4095   4095      0
  343   4095   4095      0
  344   4095   4095      0
  345   4095   4095      0
  346   4095   4095      0
  347   4095   4095      0
  348   4095   4095      0
  349   4095   4095      0
  350   4095   4095      0
  351   4095   4095      0
  352   4095   4095      0
  353   4095   4095      0
  354   4095   4095      0
  355   4095   4095      0
  356   4095   4095      0
  357   4095   4095      0
  358   4095   4095      0
  359   4095   4095      0
  360   4095   4095      0
  361   4095   4095      0
  362   4095   4095      0
  363   4095   4095      0
  364   4095   4095      0
  365   4095   4095      0
  366   4095   4095      0
  367   4095   4095      0
  368   4095   4095      0
  369   4095   4095      0
  370   4095   4095      0
  371   4095   4095      0
  372   4095   4095      0
  373   4095   4095      0
  374   4095   4095      0
  375   4095   4095      0
  376   4095   4095      0
  377   4095   4095      0
  378   4095   4095      0
  379   4095   4095      0
  380   4095   4095      0
  381   4095   4095      0
  382   4095   4095      0
  383   4095   4095      0
  384   4095   4095      0
  385   4095   4095      0
  386   4095   4095      0
  387   4095   4095      0
  388   4095   4095      0
  389   4095   4095      0
  390   4095   4095      0
  391   4095   4095      0
  392   4095   4095      0
  393   4095   4095      0
  394   4095   4095      0
  395   4095   4095      0
  396   4095   4095      0
  397   4095   4095      0
  398   4095   4095      0
  399   4095   4095      0
  400   4095   4095      0
  401   4095   4095      0
  402   4095   4095      0
  403   4095   4095      0
  404   4095   4095      0
  405   4095   4095      0
  406   4095   4095      0
  407   4095   4095      0
  408   4095   4095      0
  409   4095   4095      0
  410   4095   4095      0
  411   4095   4095      0
  412   4095   4095      0
  413   4095   4095      0
  414   4095   4095      0
  415   4095   4095      0
  416   4095   4095      0
  417   4095   4095      0
  418   4095   4095      0
  419   4095   4095      0
  420   4095   4095      0
  421   4095   4095      0
  422   4095   4095      0
  423   4095   4095      0
  424   4095   4095      0
  425   4095   4095      0
  426   4095   4095      0
  427   4095   4095      0
  428   4095   4095      0
  429   4095   4095      0
  430   4095   4095      0
  431   4095   4095      0
  432   4095   4095      0
  433   4095   4095      0
  434   4095   4095      0
  435   4095   4095      0
  436   4095   4095      0
  437   4095   4095      0
  438   4095   4095      0
  439   4095   4095      0
  440   4095   4095      0
  441   4095   4095      0
  442   4095   4095      0
  443   4095   4095      0
  444   4095   4095      0
  445   4095   4095      0
  446   4095   4095      0
  447   4095   4095      0
  448   4095   4095      0
  449   4095   4095      0
  450   4095   4095      0
  451   4095   4095      0
  452   4095   4095      0
  453   4095   4095      0
  454   4095   4095      0
  455   4095   4095      0
  456   4095   4095      0
  457   4095   4095      0
  458   4095   4095      0
  459   4095   4095      0
  460   4095   4095      0
  461   4095   4095      0
  462   4095   4095      0
  463   4095   4095      0
  464   4095   4095      0
  465   4095   4095      0
  466   4095   4095      0
  467   4095   4095      0
  468   4095   4095      0
  469   4095   4095      0
  470   4095   4095      0
  471   4095   4095      0
  472   4095   4095      0
  473   4095   4095      0
  474   4095   4095      0
  475   4095   4095      0
  476   4095   4095      0
  477   4095   4095      0
  478   4095   4095      0
  479   4095   4095      0
  480   4095   4095      0
  481   4095   4095      0
  482   4095   4095      0
  483   4095   4095      0
  484   4095   4095      0
  485   4095   4095      0
  486   4095   4095      0
  487   4095   4095      0
  488   4095   4095      0
  489   4095   4095      0
  490   4095   4095      0
  491   4095   4095      0
  492   4095   4095      0
  493   4095   4095      0
  494   4095   4095      0
  495   4095   4095      0
  496   4095   4095      0
  497   4095   4095      0
  498   4095   4095      0
  499   4095   4095      0
  500   1753   4095   2342
  501      0   4095   4095
  502      0   4095   4095
  503      0   4095   4095
  504      0   4095   4095
  505      0   4095   4095
  506      0   4095   4095
  507      0   4095   4095
  508      0   4095   4095
  509      0   4095   4095
  510      0   4095   4095
  511      0   4095   4095
  512      0   4095   4095
  513      0   4095   4095
  514      0   4095   4095
  515      0   4095   4095
  516      0   4095   4095
  517      0   4095   4095
  518      0   4095   4095
  519      0   4095   4095
  520      0   4095   4095
  521      0   4095   4095
  522      0   4095   4095
  523      0   4095   4095
  524   2618   4095   1477
  525   4095   4095      0
  526   4095   4095      0
  527   4095   4095      0
  528   4095   4095      0
  529   4095   4095      0
  530   4095   4095      0
  531   4095   4095      0
  532   4095   4095      0
  533   4095   4095      0
  534   4095   4095      0
  535   4095   4095      0
  536   4095   4095      0
  537   4095   4095      0
  538   4095   4095      0
  539   4095   4095      0
  540   4095   4095      0
  541   4095   4095      0
  542   4095   4095      0
  543   4095   4095      0
  544   4095   4095      0
  545   4095   4095      0
  546   4095   4095      0
  547   4095   4095      0
  548   4095   4095      0
  549   4095   4095      0
  550   4095   4095      0
  551   4095   4095      0
  552   4095   4095      0
  553   4095   4095      0
  554   4095   4095      0
  555   4095   4095      0
  556   4095   4095      0
  557   4095   4095      0
  558   4095   4095      0
  559   4095   4095      0
  560   4095   4095      0
  561   4095   4095      0
  562   4095   4095      0
  563   4095   4095      0
  564   4095   4095      0
  565   4095   4095      0
  566   4095   4095      0
  567   4095   4095      0
  568   4095   4095      0
  569   4095   4095      0
  570   4095   4095      0
  571   4095   4095      0
  572   4095   4095      0
  573   4095   4095      0
  574   4095   4095      0
  575   4095   4095      0
  576   4095   4095      0
  577   4095   4095      0
  578   4095   4095      0
  579   4095   4095      0
  580   4095   4095      0
  581   4095   4095      0
  582   4095   4095      0
  583   4095   4095      0
  584   4095   4095      0
  585   4095   4095      0
  586   4095   4095      0
  587   4095   4095      0
  588   4095   4095      0
  589   4095   4095      0
  590   4095   4095      0
  591   4095   4095      0
  592   4095   4095      0
  593   4095   4095      0
  594   4095   4095      0
  595   4095   4095      0
  596   4095   4095      0
  597   4095   4095      0
  598   4095   4095      0
  599   4095   4095      0
  600   4095   4095      0
  601   4095   4095      0
  602   4095   4095      0
  603   4095   4095      0
  604   4095   4095      0
  605   4095   4095      0
  606   4095   4095      0
  607   4095   4095      0
  608   4095   4095      0
  609   4095   4095      0
  610   4095   4095      0
  611   4095   4095      0
  612   4095   4095      0
  613   4095   4095      0
  614   4095   4095      0
  615   4095   4095      0
  616   4095   4095      0
  617   4095   4095      0
  618   4095   4095      0
  619   4095   4095      0
  620   4095   4095      0
  621   4095   4095      0
  622   4095   4095      0
  623   4095   4095      0
  624   4095   4095      0
  625   4095   4095      0
  626   4095   4095      0
  627   4095   4095      0
  628   4095   4095      0
  629   4095   4095      0
  630   4095   4095      0
  631   4095   4095      0
  632   4095   4095      0
  633   4095   4095      0
  634   4095   4095      0
  635   4095   4095      0
  636   4095   4095      0
  637   4095   4095      0
  638   4095   4095      0
  639   4095   4095      0
  640   4095   4095      0
  641   4095   4095      0
  642   4095   4095      0
  643   4095   4095      0
  644   4095   4095      0
  645   4095   4095      0
  646   4095   4095      0
  647   4095   4095      0
  648   4095   4095      0
  649   4095   4095      0
  650   4095   4095      0
  651   4095   4095      0
  652   4095   4095      0
  653   4095   4095      0
  654   4095   4095      0
  655   4095   4095      0
  656   4095   4095      0
  657   4095   4095      0
  658   4095   4095      0
  659   4095   4095      0
  660   4095   4095      0
  661   4095   4095      0
  662   4095   4095      0
  663   4095   4095      0
  664   4095   4095      0
  665   4095   4095      0
  666   4095   4095      0
  667   4095   4095      0
  668   4095   4095      0
  669   4095   4095      0
  670   4095   4095      0
  671   4095   4095      0
  672   4095   4095      0
  673   4095   4095      0
  674   4095   4095      0
  675   4095   4095      0
  676   4095   4095      0
  677   4095   4095      0
  678   4095   4095      0
  679   4095   4095      0
  680   4095   4095      0
  681   4095   4095      0
  682   4095   4095      0
  683   4095   4095      0
  684   4095   4095      0
  685   4095   4095      0
  686   4095   4095      0
  687   4095   4095      0
  688   4095   4095      0
  689   4095   4095      0
  690   4095   4095      0
  691   4095   4095      0
  692   4095   4095      0
  693   4095   4095      0
  694   4095   4095      0
  695   4095   4095      0
  696   4095   4095      0
  697   4095   4095      0
  698   4095   4095      0
  699   4095   4095      0
  700   4095   4095      0
  701   4095   4095      0
  702   4095   4095      0
  703   4095   4095      0
  704   4095   4095      0
  705   4095   4095      0
  706   4095   4095      0
  707   4095   4095      0
  708   4095   4095      0
  709   4095   4095      0
  710   4095   4095      0
  711   4095   4095      0
  712   4095   4095      0
  713   4095   4095      0
  714   4095   4095      0
  715   4095   4095      0
  716   4095   4095      0
  717   4095   4095      0
  718   4095   4095      0
  719   4095   4095      0
  720   4095   4095      0
  721   4095   4095      0
  722   4095   4095      0
  723   4095   4095      0
  724   4095   4095      0
  725   4095   4095      0
  726   4095   4095      0
  727   4095   4095      0
  728   4095   4095      0
  729   4095   4095      0
  730   4095   4095      0
  731   4095   4095      0
  732   4095   4095      0
  733   4095   4095      0
  734   4095   4095      0
  735   4095   4095      0
  736   4095   4095      0
  737   4095   4095      0
  738   4095   4095      0
  739   4095   4095      0
  740   4095   4095      0
  741   4095   4095      0
  742   4095   4095      0
  743   4095   4095      0
  744   4095   4095      0
  745   4095   4095      0
  746   4095   4095      0
  747   4095   4095      0
  748   4095   4095      0
  749   4095   4095      0
  750   4095   4095      0
  751   4095   4095      0
  752   4095   4095      0
  753   4095   4095      0
  754   4095   4095      0
  755   4095   4095      0
  756   4095   4095      0
  757   4095   4095      0
  758   4095   4095      0
  759   4095   4095      0
  760   4095   4095      0
  761   4095   4095      0
  762   4095   4095      0
  763   4095   4095      0
  764   4095   4095      0
  765   4095   4095      0
  766   4095   4095      0
  767   4095   4095      0
  768   4095   4095      0
  769   4095   4095      0
  770   4095   4095      0
  771   4095   4095      0
  772   4095   4095      0
  773   4095   4095      0
  774   4095   4095      0
  775   4095   4095      0
  776   4095   4095      0
  777   4095   4095      0
  778   4095   4095      0
  779   4095   4095      0
  780   4095   4095      0
  781   4095   4095      0
  782   4095   4095      0
  783   4095   4095      0
  784   4095   4095      0
  785   4095   4095      0
  786   4095   4095      0
  787   4095   4095      0
  788   4095   4095      0
  789   4095   4095      0
  790   4095   4095      0
  791   4095   4095      0
  792   4095   4095      0
  793   4095   4095      0
  794   4095   4095      0
  795   4095   4095      0
  796   4095   4095      0
  797   4095   4095      0
  798   4095   4095      0
  799   4095   4095      0
  800   4095   4095      0
  801   4095   4095      0
  802   4095   4095      0
  803   4095   4095      0
  804   4095   4095      0
  805   4095   4095      0
  806   4095   4095      0
  807   4095   4095      0
  808   4095   4095      0
  809   4095   4095      0
  810   4095   4095      0
  811   4095   4095      0
  812   4095   4095      0
  813   4095   4095      0
  814   4095   4095      0
  815   4095   4095      0
  816   4095   4095      0
  817   4095   4095      0
  818   4095   4095      0
  819   4095   4095      0
  820   4095   4095      0
  821   4095   4095      0
  822   4095   4095      0
  823   4095   4095      0
  824   4095   4095      0
  825   4095   4095      0
  826   4095   4095      0
  827   4095   4095      0
  828   4095   4095      0
  829   4095   4095      0
  830   4095   4095      0
  831   4095   4095      0
  832   4095   4095      0
  833   4095   4095      0
  834   4095   4095      0
  835   4095   4095      0
  836   4095   4095      0
  837   4095   4095      0
  838   4095   4095      0
  839   4095   4095      0
  840   4095   4095      0
  841   4095   4095      0
  842   4095   4095      0
  843   4095   4095      0
  844   4095   4095      0
  845   4095   4095      0
  846   4095   4095      0
  847   4095   4095      0
  848   4095   4095      0
  849   4095   4095      0
  850   4095   4095      0
  851   4095   4095      0
  852   4095   4095      0
  853   4095   4095      0
  854   4095   4095      0
  855   4095   4095      0
  856   4095   4095      0
  857   4095   4095      0
  858   4095   4095      0
  859   4095   4095      0
  860   4095   4095      0
  861   4095   4095      0
  862   4095   4095      0
  863   4095   4095      0
  864   4095   4095      0
  865   4095   4095      0
  866   4095   4095      0
  867   4095   4095      0
  868   4095   4095      0
  869   4095   4095      0
  870   4095   4095      0
  871   4095   4095      0
  872   4095   4095      0
  873   4095   4095      0
  874   4095   4095      0
  875   4095   4095      0
  876   4095   4095      0
  877   4095   4095      0
  878   4095   4095      0
  879   4095   4095      0
  880   4095   4095      0
  881   4095   4095      0
  882   4095   4095      0
  883   4095   4095      0
  884   4095   4095      0
  885   4095   4095      0
  886   4095   4095      0
  887   4095   4095      0
  888   4095   4095      0
  889   4095   4095      0
  890   4095   4095      0
  891   4095   4095      0
  892   4095   4095      0
  893   4095   4095      0
  894   4095   4095      0
  895   4095   4095      0
  896   4095   4095      0
  897   4095   4095      0
  898   4095   4095      0
  899   4095   4095      0
  900   4095   4095      0
  901   4095   4095      0
  902   4095   4095      0
  903   4095   4095      0
  904   4095   4095      0
  905   4095   4095      0
  906   4095   4095      0
  907   4095   4095      0
  908   4095   4095      0
  909   4095   4095      0
  910   4095   4095      0
  911   4095   4095      0
  912   4095   4095      0
  913   4095   4095      0
  914   4095   4095      0
  915   4095   4095      0
  916   4095   4095      0
  917   4095   4095      0
  918   4095   4095      0
  919   4095   4095      0
  920   4095   4095      0
  921   4095   4095      0
  922   4095   4095      0
  923   4095   4095      0
  924   4095   4095      0
  925   4095   4095      0
  926   4095   4095      0
  927   4095   4095      0
  928   4095   4095      0
  929   4095   4095      0
  930   4095   4095      0
  931   4095   4095      0
  932   4095   4095      0
  933   4095   4095      0
  934   4095   4095      0
  935   4095   4095      0
  936   4095   4095      0
  937   4095   4095      0
  938   4095   4095      0
  939   4095   4095      0
  940   4095   4095      0
  941   4095   4095      0
  942   4095   4095      0
  943   4095   4095      0
  944   4095   4095      0
  945   4095   4095      0
  946   4095   4095      0
  947   4095   4095      0
  948   4095   4095      0
  949   4095   4095      0
  950   4095   4095      0
  951   4095   4095      0
  952   4095   4095      0
  953   4095   4095      0
  954   4095   4095      0
  955   4095   4095      0
  956   4095   4095      0
  957   4095   4095      0
  958   4095   4095      0
  959   4095   4095      0
  960   4095   4095      0
  961   4095   4095      0
  962   4095   4095      0
  963   4095   4095      0
  964   4095   4095      0
  965   4095   4095      0
  966   4095   4095      0
  967   4095   4095      0
  968   4095   4095      0
  969   4095   4095      0
  970   4095   4095      0
  971   4095   4095      0
  972   4095   4095      0
  973   4095   4095      0
  974   4095   4095      0
  975   4095   4095      0
  976   4095   4095      0
  977   4095   4095      0
  978   4095   4095      0
  979   4095   4095      0
  980   4095   4095      0
  981   4095   4095      0
  982   4095   4095      0
  983   4095   4095      0
  984   4095   4095      0
  985   4095   4095      0
  986   4095   4095      0
  987   4095   4095      0
  988   4095   4095      0
  989   4095   4095      0
  990   4095   4095      0
  991   4095   4095      0
  992   4095   4095      0
  993   4095   4095      0
  994   4095   4095      0
  995   4095   4095      0
  996   4095   4095      0
  997   4095   4095      0
  998   4095   4095      0
  999   4095   4095      0
 1000   4095   4095      0
 1001   4095   4095      0
 1002   4095   4095      0
 1003   4095   4095      0
 1004   4095   4095      0
 1005   4095   4095      0
 1006   4095   4095      0
 1007   4095   4095      0
 1008   4095   4095      0
 1009   4095   4095      0
 1010   4095   4095      0
 1011   4095   4095      0
 1012   4095   4095      0
 1013   4095   4095      0
 1014   4095   4095      0
 1015   4095   4095      0
 1016   4095   4095      0
 1017   4095   4095      0
 1018   4095   4095      0
 1019   4095   4095      0
 1020   4095   4095      0
 1021   4095   4095      0
 1022   4095   4095      0
 1023   4095   4095      0
